116,127,171,185,185,181,239,97
227,74,182
249,95,221,64,126,25,197,43,23,155,93,187,150,60,72,94,201,74
94,185,178,242,47,174,159,101,116,83
116,32,124,126,106,126,46,199,52,44,142,16
71,135,135,185,95,26,24,207,2,18,179,55,18,225,225,63,140,254,124
52,230,16,136,183,112,100,5,187,154,191,214,54,18,150,2,226
60,197,243,166,17,193,70,223,155,219
147,204,53,158,73,238,122,184,187,66,142,40,150,167,20,85,23,92
20,99,222,109,213,207,195,147,185,143,241,208
145,186,106,37,194,37,3,229,175,245,42,20,132,160,203,247,164
203,36,230,42,142
233,108,171,214,188,206,106,207
236,132
11,154,10,46,172,38,244,202,134,144,253
219,102,163,105,68
173,68,158,127,24,42,15,119,12,166,81,32,183,18,237,240
123,141,242,30,255,229,236,231
102,230,191
164,86,175,228,166,96,254,72,122,109
76
104,17,96,206,115,12,77,96,205,216
143,122
170,112,8,93,249,37,98,200,17,179
243,24,244,23,114,222,25,39,88,240,196,129
8,132,189,48,117,109,20,120
230,22,135,192,233,82,204,95,159,148,19,164,235,241,167,166,137,139
114,146,209,206,169,73,143,9,4,65
143,76,23,65,136,113,231,48,62,69,27,129,169,82,25,129,163,135,171,22
209,74,80,242
16,107,76,130,189,73,105,104,105,123,154,100,97,67,38,78,33,22,140,223
24,150,132,204
189
245,43,185,206,46
129,171,106,33,38,255,58,36,222,245,245,110,29,197,202,137,125,40
130,73,21,33,155,220,131
93,138,125,106,62,118,202,150,136,73,95,114,89
127,247,237,2,30,123,25,238,74,51,36,203,75,248,42,120,88,10,116,9
206,223,73,226,6,83,252,99,30,43,91,191,86,3,66,35,137,15,34
115,93,61,237,194,103,85,234,94,61
138,23,110,206,110
162,100,237,99,43,236,108,221,2,224,153,7,167,126,44,157,48
176
197,153,229,194,45,101,158,6,91,110,7,13,231,149,213,88,124,37
7,194,80,233
12,106,109,223,217
199,210,20,118,227,89,182,241
21,130,5,100,209,255,254,92,228,179,70,223,156,69,248,16,39,100,117
232,2,165,83,2,110,161,183,153,173
245,35,231,41,204,54,88,34,234,247,236,78,214,208
